100
2005 200
2005 200
2005 200
2005 200
2005 200
2005 200
2005 200
2005 201
2005 201
2005 201
2005 201
2005 201
2005 201
2005 201
2005 201
2005 201
2005 201
2005 201
2005 202
2005 202
2005 202
2006 202
2006 202
2006 202
2006 202
2006 203
2006 203
2006 203
2006 203
2006 203
2006 203
2006 203
2006 203
2006 203
2006 203
2006 203
2006 203
2006 204
2006 204
2006 204
2007 204
2007 204
2007 204
2007 204
2007 204
2007 204
2007 204
2007 204
2007 205
2007 205
2007 205
2007 205
2007 205
2007 205
2007 205
2007 205
2007 206
2008 206
2008 206
2008 206
2008 206
2008 206
2008 206
2008 206
2008 206
2008 207
2008 207
2008 207
2008 207
2008 207
2008 207
2008 207
2008 207
2008 208
2008 208
2008 208
2008 208
2008 208
2008 208
2008 208
2008 208
2009 208
2009 208
2009 208
2009 208
2009 208
2009 208
2009 208
2009 209
2009 209
2009 209
2009 209
2009 209
2009 209
2009 209
2009 209
2009 209
2009 209
2009 209
2009 209
